0 144
1 151
2 83
3 138
4 124
5 149
6 11
7 112
8 74
9 27
10 88
11 12
12 40
13 117
14 70
15 60
16 41
17 1
18 18
19 166
20 75
21 96
22 141
23 90
24 125
25 164
26 107
27 0
28 69
29 71
30 139
31 159
32 160
33 26
34 108
35 105
36 9
37 72
38 142
39 19
40 103
41 97
42 30
43 5
44 167
45 47
46 136
47 28
48 35
49 116
50 130
51 156
52 161
53 101
54 59
55 129
56 132
57 32
58 64
59 165
60 17
61 122
62 8
63 134
64 61
65 162
66 86
67 109
68 36
69 150
70 113
71 50
72 133
73 63
74 126
75 57
76 66
77 93
78 43
79 78
80 102
81 21
82 2
83 77
84 94
85 76
86 6
87 118
88 34
89 48
90 84
91 104
92 7
93 13
94 158
95 65
96 85
97 56
98 123
99 33
100 153
101 145
102 4
